time	input_value	encoder
50	0	0
50.2	1	0
50.4	2	0
50.6	3	0
50.8	4	0
51	5	0
51.2	6	0
51.4	7	0
51.6	8	0
51.8	9	0
52	10	0
52.2	11	0
52.4	12	0
52.6	13	0
52.8	14	0
53	15	0
53.2	16	0
53.4	17	0
53.6	18	0
53.8	19	0
54	20	0
54.2	21	0
54.4	22	0
54.6	23	0
54.8	24	0
55	25	0
55.2	26	0
55.4	27	0
55.6	28	0
55.8	29	0
56	30	0
56.2	31	0
56.4	32	0
56.6	33	0
56.8	34	0
57	35	0
57.2	36	0
57.4	37	0
57.6	38	1
57.8	39	15
58	40	63
58.2	41	136
58.4	42	229
58.6	43	338
58.8	44	461
59	45	596
59.2	46	740
59.4	47	893
59.6	48	1054
59.8	49	1223
60	50	1399
60.2	51	1582
60.4	52	1772
60.6	53	1970
60.8	54	2172
61	55	2383
61.2	56	2598
61.4	57	2821
61.6	58	3048
61.8	59	3283
62	60	3523
62.2	61	3769
62.4	62	4021
62.6	63	4278
62.8	64	4542
63	65	4813
63.2	66	5087
63.4	67	5367
63.6	68	5650
63.8	69	5938
64	70	6230
64.2	71	6526
64.4	72	6826
64.6	73	7130
64.8	74	7438
65	75	7751
65.2	76	8066
65.4	77	8387
65.6	78	8713
65.8	79	9041
66	80	9371
66.2	81	9707
66.4	82	10045
66.6	83	10386
66.8	84	10728
67	85	11073
67.2	86	11421
67.4	87	11773
67.6	88	12128
67.8	89	12487
68	90	12841
68.2	91	13197
68.4	92	13559
68.6	93	13925
68.8	94	14294
69	95	14663
69.2	96	15034
69.4	97	15407
69.6	98	15785
69.8	99	16165
70	100	16546
70.2	101	16927
70.4	102	17313
70.6	103	17700
70.8	104	18089
71	105	18480
71.2	106	18871
71.4	107	19265
71.6	108	19664
71.8	109	20062
72	110.01	20464
72.2	111.01	20865
72.4	112.01	21267
72.6	113.01	21672
72.8	114.01	22080
73	115.01	22488
73.2	116.01	22899
73.4	117.01	23310
73.6	118.01	23724
73.8	119.01	24140
74	120.01	24557
74.2	121.01	24975
74.4	122.01	25394
74.6	123.01	25814
74.8	124.01	26237
75	125.01	26659
75.2	126.01	27085
75.4	127.01	27511
75.6	128.01	27940
75.8	129.01	28370
76	130.01	28801
76.2	131.01	29235
76.4	132.01	29670
76.6	133.01	30103
76.8	134.01	30542
77	135.01	30977
77.2	136	31416
77.4	137	31857
77.6	138	32299
77.8	139	32740
78	140	33184
78.2	141	33624
78.4	142	34063
78.6	143	34508
78.8	144	34950
79	145	35393
79.2	146	35838
79.4	147	36283
79.6	148	36728
79.8	149	37177
80	150	37626
80.2	151	38076
80.4	152	38525
80.6	153	38977
80.8	153.99	39430
81	154.99	39884
81.2	155.99	40338
81.4	156.99	40793
81.6	157.99	41250
81.8	158.99	41706
82	159.99	42164
82.2	160.99	42622
82.4	161.99	43081
82.6	162.99	43541
82.8	163.99	44001
83	164.99	44463
83.2	165.99	44927
83.4	166.99	45391
83.6	167.99	45855
83.8	168.99	46322
84	169.99	46788
84.2	170.99	47255
84.4	171.98	47722
84.6	172.98	48190
84.8	173.98	48659
85	174.98	49131
85.2	175.98	49601
85.4	176.98	50071
85.6	177.98	50543
85.8	178.98	51014
86	179.98	51488
86.2	180.98	51963
86.4	181.98	52436
86.6	182.98	52913
86.8	183.98	53391
87	184.98	53867
87.2	185.98	54344
87.4	186.98	54821
87.6	187.98	55301
87.8	188.98	55779
88	189.97	56256
88.2	190.97	56735
88.4	191.97	57215
88.6	192.97	57695
88.8	193.97	58175
89	194.97	58657
89.2	195.97	59137
89.4	196.97	59620
89.6	197.97	60106
89.8	198.97	60591
90	199.97	61078
90.2	200.97	61563
90.4	201.97	62054
90.6	202.97	62547
90.8	203.97	63043
91	204.97	63539
91.2	205.97	64036
91.4	206.97	64531
91.6	207.96	65029
91.8	208.96	65526
92	209.96	66024
92.2	210.96	66522
92.4	211.96	67021
92.6	212.96	67520
92.8	213.96	68022
93	214.96	68522
93.2	215.96	69021
93.4	216.96	69522
93.6	217.96	70024
93.8	218.96	70524
94	219.96	71027
94.2	220.96	71527
94.4	221.96	72033
94.6	222.96	72537
94.8	223.96	73040
95	224.96	73544
95.2	225.96	74048
95.4	226.95	74551
95.6	227.95	75058
95.8	228.95	75561
96	229.95	76068
96.2	230.95	76573
96.4	231.95	77078
96.6	232.95	77583
96.8	233.95	78091
97	234.95	78597
97.2	235.95	79103
97.4	236.95	79609
97.6	237.95	80115
97.8	238.95	80622
98	239.95	81130
98.2	240.95	81643
98.4	241.95	82152
98.6	242.95	82662
98.8	243.95	83170
99	244.94	83681
99.2	245.94	84189
99.4	246.94	84700
99.6	247.94	85210
99.8	248.94	85723
100	249.94	86233
100.2	250.94	86741
100.4	251.94	87254
100.6	252.94	87766
100.8	253.94	88284
101	254.94	88803
101.2	0.93	89286
101.4	1.93	89678
101.6	2.93	89990
101.8	3.93	90233
102	4.93	90410
102.2	5.93	90532
102.4	6.93	90605
102.6	7.93	90633
102.8	8.93	90633
103	9.93	90633
103.2	10.93	90633
103.4	11.93	90633
103.6	12.93	90633
103.8	13.93	90635
104	14.93	90635
104.2	15.93	90635
104.4	16.93	90635
104.6	17.93	90635
104.8	18.93	90635
105	19.93	90635
105.2	20.93	90635
105.4	21.93	90635
105.6	22.93	90635
105.8	23.93	90635
106	24.93	90635
106.2	25.93	90635
106.4	26.93	90635
106.6	27.93	90635
106.8	28.93	90635
107	29.93	90635
107.2	30.93	90635
107.4	31.93	90635
107.6	32.93	90635
107.8	33.93	90635
108	34.93	90635
108.2	35.93	90635
108.4	36.93	90635
108.6	37.93	90635
108.8	38.93	90635
109	39.93	90635
109.2	40.93	90649
109.4	41.93	90702
109.6	42.93	90785
109.8	43.93	90893
110	44.93	91019
110.2	45.93	91160
110.4	46.93	91314
110.6	47.93	91479
110.8	48.93	91654
111	49.93	91838
111.2	50.93	92030
111.4	51.93	92230
111.6	52.93	92436
111.8	53.93	92650
112	54.93	92870
112.2	55.93	93096
112.4	56.93	93328
112.6	57.93	93565
112.8	58.93	93808
113	59.93	94059
113.2	60.93	94313
113.4	61.93	94573
113.6	62.93	94839
113.8	63.93	95112
114	64.93	95390
114.2	65.93	95671
114.4	66.93	95957
114.6	67.93	96247
114.8	68.93	96542
115	69.93	96841
115.2	70.93	97144
115.4	71.93	97451
115.6	72.93	97764
115.8	73.93	98079
116	74.93	98398
116.2	75.93	98722
116.4	76.93	99048
116.6	77.93	99380
116.8	78.93	99715
117	79.93	100052
117.2	80.93	100393
117.4	81.93	100737
117.6	82.93	101085
117.8	83.93	101436
118	84.93	101790
118.2	85.93	102148
118.4	86.93	102508
118.6	87.93	102874
118.8	88.93	103241
119	89.93	103610
119.2	90.93	103982
119.4	91.93	104357
119.6	92.93	104734
119.8	93.93	105113
120	94.93	105496
120.2	95.93	105881
120.4	96.93	106269
120.6	97.93	106658
120.8	98.93	107050
121	99.93	107446
121.2	100.93	107844
121.4	101.93	108241
121.6	102.93	108644
121.8	103.93	109049
122	104.93	109456
122.2	105.93	109863
122.4	106.93	110272
122.6	107.93	110684
122.8	108.93	111096
123	109.94	111511
123.2	110.94	111926
123.4	111.94	112343
123.6	112.94	112766
123.8	113.94	113187
124	114.94	113611
124.2	115.94	114035
124.4	116.94	114461
124.6	117.94	114888
124.8	118.94	115317
125	119.94	115747
125.2	120.94	116178
125.4	121.94	116610
125.6	122.94	117044
125.8	123.94	117480
126	124.94	117917
126.2	125.94	118353
126.4	126.94	118796
126.6	127.94	119236
126.8	128.94	119676
127	129.94	120118
127.2	130.94	120565
127.4	131.94	121013
127.6	132.94	121459
127.8	133.94	121906
128	134.94	122354
128.2	135.93	122805
128.4	136.93	123256
128.6	137.93	123709
128.8	138.93	124161
129	139.93	124614
129.2	140.93	125069
129.4	141.93	125528
129.6	142.93	125984
129.8	143.93	126441
130	144.93	126900
130.2	145.93	127360
130.4	146.93	127823
130.6	147.93	128284
130.8	148.93	128746
131	149.93	129212
131.2	150.93	129675
131.4	151.93	130140
131.6	152.93	130606
131.8	153.92	131073
132	154.92	131540
132.2	155.92	132009
132.4	156.92	132478
132.6	157.92	132950
132.8	158.92	133419
133	159.92	133889
133.2	160.92	134363
133.4	161.92	134834
133.6	162.92	135308
133.8	163.92	135785
134	164.92	136260
134.2	165.92	136735
134.4	166.92	137212
134.6	167.92	137692
134.8	168.92	138170
135	169.92	138647
135.2	170.92	139125
135.4	171.91	139605
135.6	172.91	140085
135.8	173.91	140564
136	174.91	141045
136.2	175.91	141526
136.4	176.91	142009
136.6	177.91	142491
136.8	178.91	142974
137	179.91	143458
137.2	180.91	143944
137.4	181.91	144428
137.6	182.91	144914
137.8	183.91	145403
138	184.91	145890
138.2	185.91	146378
138.4	186.91	146866
138.6	187.91	147354
138.8	188.91	147844
139	189.9	148333
139.2	190.9	148824
139.4	191.9	149315
139.6	192.9	149805
139.8	193.9	150297
140	194.9	150791
140.2	195.9	151284
140.4	196.9	151777
140.6	197.9	152272
140.8	198.9	152769
141	199.9	153262
141.2	200.9	153756
141.4	201.9	154254
141.6	202.9	154750
141.8	203.9	155247
142	204.9	155746
142.2	205.9	156245
142.4	206.9	156741
142.6	207.9	157240
142.8	208.89	157738
143	209.89	158237
143.2	210.89	158737
143.4	211.89	159238
143.6	212.89	159739
143.8	213.89	160241
144	214.89	160742
144.2	215.89	161241
144.4	216.89	161743
144.6	217.89	162244
144.8	218.89	162745
145	219.89	163252
145.2	220.89	163755
145.4	221.89	164258
145.6	222.89	164760
145.8	223.89	165264
146	224.89	165773
146.2	225.89	166278
146.4	226.88	166788
146.6	227.88	167298
146.8	228.88	167804
147	229.88	168310
147.2	230.88	168817
147.4	231.88	169324
147.6	232.88	169832
147.8	233.88	170341
148	234.88	170850
148.2	235.88	171359
148.4	236.88	171866
148.6	237.88	172373
148.8	238.88	172881
149	239.88	173390
149.2	240.88	173900
149.4	241.88	174409
149.6	242.88	174923
149.8	243.88	175435
150	244.87	175947
150.2	245.87	176460
150.4	246.87	176973
150.6	247.87	177487
150.8	248.87	177999
151	249.87	178511
151.2	250.87	179023
151.4	251.87	179535
151.6	252.87	180050
151.8	253.87	180566
152	254.87	181087
152.2	0.86	181575
152.4	1.86	181975
152.6	2.86	182296
152.8	3.86	182545
153	4.86	182731
153.2	5.86	182862
153.4	6.86	182942
153.6	7.86	182978
153.8	8.86	182982
154	9.86	182982
154.2	10.86	182982
154.4	11.86	182982
154.6	12.86	182982
154.8	13.86	182982
155	14.86	182982
155.2	15.86	182982
155.4	16.86	182982
155.6	17.86	182982
155.8	18.86	182982
156	19.86	182982
156.2	20.86	182982
156.4	21.86	182982
156.6	22.86	182982
156.8	23.86	182982
157	24.86	182982
157.2	25.86	182982
157.4	26.86	182982
157.6	27.86	182982
157.8	28.86	182982
158	29.86	182982
158.2	30.86	182982
158.4	31.86	182982
158.6	32.86	182982
158.8	33.86	182982
159	34.86	182982
159.2	35.86	182982
159.4	36.86	182982
159.6	37.86	182982
159.8	38.86	182982
160	39.86	182983
160.2	40.86	182983
160.4	41.86	182983
160.6	42.86	182983
160.8	43.86	183005
161	44.86	183074
161.2	45.86	183177
161.4	46.86	183306
161.6	47.86	183453
161.8	48.86	183616
162	49.86	183792
162.2	50.86	183979
162.4	51.86	184176
162.6	52.86	184381
162.8	53.86	184595
163	54.86	184815
163.2	55.86	185040
163.4	56.86	185273
163.6	57.86	185513
163.8	58.86	185757
164	59.86	186007
164.2	60.86	186265
164.4	61.86	186525
164.6	62.86	186794
164.8	63.86	187067
165	64.86	187345
165.2	65.86	187627
165.4	66.86	187914
165.6	67.86	188207
165.8	68.86	188503
166	69.86	188805
166.2	70.86	189108
166.4	71.86	189417
166.6	72.86	189730
166.8	73.86	190046
167	74.86	190367
167.2	75.86	190692
167.4	76.86	191019
167.6	77.86	191351
167.8	78.86	191687
168	79.86	192026
168.2	80.86	192368
168.4	81.86	192714
168.6	82.86	193063
168.8	83.86	193415
169	84.86	193770
169.2	85.86	194130
169.4	86.86	194492
169.6	87.86	194856
169.8	88.86	195224
170	89.86	195594
170.2	90.86	195968
170.4	91.86	196345
170.6	92.86	196724
170.8	93.86	197104
171	94.86	197488
171.2	95.86	197875
171.4	96.86	198263
171.6	97.86	198654
171.8	98.86	199048
172	99.86	199444
172.2	100.86	199843
172.4	101.86	200242
172.6	102.86	200645
172.8	103.86	201049
173	104.86	201455
173.2	105.86	201863
173.4	106.86	202274
173.6	107.86	202685
173.8	108.86	203100
174	109.87	203515
174.2	110.87	203933
174.4	111.87	204351
174.6	112.87	204772
174.8	113.87	205194
175	114.87	205618
175.2	115.87	206045
175.4	116.87	206472
175.6	117.87	206902
175.8	118.87	207332
176	119.87	207765
176.2	120.87	208200
176.4	121.87	208634
176.6	122.87	209068
176.8	123.87	209506
177	124.87	209943
177.2	125.87	210382
177.4	126.87	210823
177.6	127.87	211265
177.8	128.87	211709
178	129.87	212153
178.2	130.87	212598
178.4	131.87	213046
178.6	132.87	213494
178.8	133.87	213942
179	134.87	214392
179.2	135.86	214841
179.4	136.86	215295
179.6	137.86	215747
179.8	138.86	216199
180	139.86	216656
180.2	140.86	217111
180.4	141.86	217570
180.6	142.86	218028
180.8	143.86	218486
181	144.86	218946
181.2	145.86	219411
181.4	146.86	219872
181.6	147.86	220338
181.8	148.86	220804
182	149.86	221269
182.2	150.86	221733
182.4	151.86	222199
182.6	152.86	222667
182.8	153.85	223134
183	154.85	223605
183.2	155.85	224072
183.4	156.85	224544
183.6	157.85	225015
183.8	158.85	225486
184	159.85	225958
184.2	160.85	226432
184.4	161.85	226906
184.6	162.85	227380
184.8	163.85	227856
185	164.85	228332
185.2	165.85	228810
185.4	166.85	229287
185.6	167.85	229764
185.8	168.85	230244
186	169.85	230722
186.2	170.85	231203
186.4	171.84	231684
186.6	172.84	232166
186.8	173.84	232646
187	174.84	233128
187.2	175.84	233611
187.4	176.84	234095
187.6	177.84	234583
187.8	178.84	235068
188	179.84	235554
188.2	180.84	236040
188.4	181.84	236525
188.6	182.84	237014
188.8	183.84	237504
189	184.84	237990
189.2	185.84	238483
189.4	186.84	238973
189.6	187.84	239463
189.8	188.84	239954
190	189.83	240445
190.2	190.83	240938
190.4	191.83	241429
190.6	192.83	241922
190.8	193.83	242415
191	194.83	242908
191.2	195.83	243402
191.4	196.83	243897
191.6	197.83	244390
191.8	198.83	244887
192	199.83	245380
192.2	200.83	245878
192.4	201.83	246372
192.6	202.83	246869
192.8	203.83	247366
193	204.83	247864
193.2	205.83	248362
193.4	206.83	248861
193.6	207.83	249361
193.8	208.82	249861
194	209.82	250361
194.2	210.82	250862
194.4	211.82	251361
194.6	212.82	251863
194.8	213.82	252366
195	214.82	252865
195.2	215.82	253368
195.4	216.82	253871
195.6	217.82	254376
195.8	218.82	254880
196	219.82	255384
196.2	220.82	255892
196.4	221.82	256395
196.6	222.82	256902
196.8	223.82	257407
197	224.82	257912
197.2	225.82	258420
197.4	226.81	258927
197.6	227.81	259434
197.8	228.81	259939
198	229.81	260448
198.2	230.81	260955
198.4	231.81	261466
198.6	232.81	261974
198.8	233.81	262483
199	234.81	262991
199.2	235.81	263500
199.4	236.81	264009
199.6	237.81	264520
199.8	238.81	265031
200	239.81	265539
200.2	240.81	266051
200.4	241.81	266563
200.6	242.81	267076
200.8	243.81	267593
201	244.8	268104
201.2	245.8	268621
201.4	246.8	269135
201.6	247.8	269649
201.8	248.8	270162
202	249.8	270674
202.2	250.8	271188
202.4	251.8	271703
202.6	252.8	272216
202.8	253.8	272736
203	254.8	273256
203.2	0.79	273748
203.4	1.79	274157
203.6	2.79	274487
203.8	3.79	274744
204	4.79	274937
204.2	5.79	275074
204.4	6.79	275161
204.6	7.79	275204
204.8	8.79	275209
205	9.79	275209
205.2	10.79	275209
205.4	11.79	275209
205.6	12.79	275209
205.8	13.79	275209
206	14.79	275209
206.2	15.79	275209
206.4	16.79	275209
206.6	17.79	275209
206.8	18.79	275209
207	19.79	275209
207.2	20.79	275209
207.4	21.79	275209
207.6	22.79	275209
207.8	23.79	275209
208	24.79	275209
208.2	25.79	275209
208.4	26.79	275209
208.6	27.79	275209
208.8	28.79	275209
209	29.79	275209
209.2	30.79	275209
209.4	31.79	275209
209.6	32.79	275209
209.8	33.79	275209
210	34.79	275209
210.2	35.79	275209
210.4	36.79	275209
210.6	37.79	275209
210.8	38.79	275209
211	39.79	275209
211.2	40.79	275209
211.4	41.79	275212
211.6	42.79	275252
211.8	43.79	275331
212	44.79	275437
212.2	45.79	275566
212.4	46.79	275713
212.6	47.79	275873
212.8	48.79	276047
213	49.79	276231
213.2	50.79	276424
213.4	51.79	276625
213.6	52.79	276834
213.8	53.79	277051
214	54.79	277274
214.2	55.79	277505
214.4	56.79	277740
214.6	57.79	277981
214.8	58.79	278228
215	59.79	278481
215.2	60.79	278741
215.4	61.79	279005
215.6	62.79	279277
215.8	63.79	279552
216	64.79	279832
216.2	65.79	280117
216.4	66.79	280405
216.6	67.79	280698
216.8	68.79	280997
217	69.79	281299
217.2	70.79	281605
217.4	71.79	281916
217.6	72.79	282231
217.8	73.79	282550
218	74.79	282874
218.2	75.79	283200
218.4	76.79	283530
218.6	77.79	283864
218.8	78.79	284201
219	79.79	284543
219.2	80.79	284889
219.4	81.79	285235
219.6	82.79	285586
219.8	83.79	285940
220	84.79	286297
220.2	85.79	286655
220.4	86.79	287019
220.6	87.79	287383
220.8	88.79	287752
221	89.79	288123
221.2	90.79	288497
221.4	91.79	288875
221.6	92.79	289255
221.8	93.79	289637
222	94.79	290023
222.2	95.79	290410
222.4	96.79	290802
222.6	97.79	291193
222.8	98.79	291588
223	99.79	291987
223.2	100.79	292386
223.4	101.79	292789
223.6	102.79	293192
223.8	103.79	293597
224	104.79	294005
224.2	105.79	294415
224.4	106.79	294828
224.6	107.79	295241
224.8	108.79	295656
225	109.8	296074
225.2	110.8	296492
225.4	111.8	296911
225.6	112.8	297333
225.8	113.8	297756
226	114.8	298181
226.2	115.8	298607
226.4	116.8	299036
226.6	117.8	299465
226.8	118.8	299896
227	119.8	300329
227.2	120.8	300764
227.4	121.8	301198
227.6	122.8	301635
227.8	123.8	302073
228	124.8	302512
228.2	125.8	302952
228.4	126.8	303394
228.6	127.8	303837
228.8	128.8	304282
229	129.8	304727
229.2	130.8	305174
229.4	131.8	305622
229.6	132.8	306071
229.8	133.8	306521
230	134.8	306973
230.2	135.79	307425
230.4	136.79	307878
230.6	137.79	308333
230.8	138.79	308787
231	139.79	309245
231.2	140.79	309701
231.4	141.79	310160
231.6	142.79	310619
231.8	143.79	311080
232	144.79	311542
232.2	145.79	312004
232.4	146.79	312468
232.6	147.79	312931
232.8	148.79	313396
233	149.79	313861
233.2	150.79	314327
233.4	151.79	314795
233.6	152.79	315263
233.8	153.78	315731
234	154.78	316202
234.2	155.78	316672
234.4	156.78	317141
234.6	157.78	317614
234.8	158.78	318086
235	159.78	318559
235.2	160.78	319035
235.4	161.78	319511
235.6	162.78	319987
235.8	163.78	320465
236	164.78	320942
236.2	165.78	321418
236.4	166.78	321897
236.6	167.78	322375
236.8	168.78	322855
237	169.78	323333
237.2	170.78	323818
237.4	171.77	324298
237.6	172.77	324779
237.8	173.77	325263
238	174.77	325746
238.2	175.77	326231
238.4	176.77	326714
238.6	177.77	327199
238.8	178.77	327684
239	179.77	328171
239.2	180.77	328658
239.4	181.77	329145
239.6	182.77	329634
239.8	183.77	330124
240	184.77	330612
240.2	185.77	331102
240.4	186.77	331592
240.6	187.77	332083
240.8	188.77	332575
241	189.76	333067
241.2	190.76	333560
241.4	191.76	334053
241.6	192.76	334545
241.8	193.76	335039
242	194.76	335533
242.2	195.76	336027
242.4	196.76	336523
242.6	197.76	337018
242.8	198.76	337514
243	199.76	338009
243.2	200.76	338506
243.4	201.76	339004
243.6	202.76	339501
243.8	203.76	339999
244	204.76	340498
244.2	205.76	340997
244.4	206.76	341495
244.6	207.76	341995
244.8	208.75	342496
245	209.75	342996
245.2	210.75	343495
245.4	211.75	343996
245.6	212.75	344497
245.8	213.75	344998
246	214.75	345500
246.2	215.75	346002
246.4	216.75	346505
246.6	217.75	347009
246.8	218.75	347512
247	219.75	348017
247.2	220.75	348521
247.4	221.75	349026
247.6	222.75	349535
247.8	223.75	350041
248	224.75	350548
248.2	225.75	351053
248.4	226.74	351560
248.6	227.74	352066
248.8	228.74	352575
249	229.74	353081
249.2	230.74	353591
249.4	231.74	354101
249.6	232.74	354608
249.8	233.74	355118
250	234.74	355626
250.2	235.74	356137
250.4	236.74	356647
250.6	237.74	357158
250.8	238.74	357669
251	239.74	358178
251.2	240.74	358691
251.4	241.74	359203
251.6	242.74	359714
251.8	243.74	360228
252	244.73	360740
252.2	245.73	361256
252.4	246.73	361768
252.6	247.73	362282
252.8	248.73	362797
253	249.73	363313
253.2	250.73	363826
253.4	251.73	364338
253.6	252.73	364854
253.8	253.73	365372
254	254.73	365892
254.2	0.72	366392
254.4	1.72	366807
254.6	2.72	367142
254.8	3.72	367407
255	4.72	367606
255.2	5.72	367748
255.4	6.72	367842
255.6	7.72	367890
255.8	8.72	367899
256	9.72	367899
256.2	10.72	367899
256.4	11.72	367899
256.6	12.72	367899
256.8	13.72	367899
257	14.72	367899
257.2	15.72	367899
257.4	16.72	367899
257.6	17.72	367899
257.8	18.72	367899
258	19.72	367899
258.2	20.72	367899
258.4	21.72	367899
258.6	22.72	367899
258.8	23.72	367899
259	24.72	367899
259.2	25.72	367899
259.4	26.72	367899
259.6	27.72	367899
259.8	28.72	367899
260	29.72	367899
260.2	30.72	367899
260.4	31.72	367899
260.6	32.72	367899
260.8	33.72	367899
261	34.72	367899
261.2	35.72	367899
261.4	36.72	367899
261.6	37.72	367899
261.8	38.72	367899
262	39.72	367899
262.2	40.72	367920
262.4	41.72	367980
262.6	42.72	368068
262.8	43.72	368179
263	44.72	368308
263.2	45.72	368452
263.4	46.72	368609
263.6	47.72	368776
263.8	48.72	368953
264	49.72	369140
264.2	50.72	369336
264.4	51.72	369539
264.6	52.72	369750
264.8	53.72	369969
265	54.72	370193
265.2	55.72	370425
265.4	56.72	370661
265.6	57.72	370904
265.8	58.72	371152
266	59.72	371407
266.2	60.72	371666
266.4	61.72	371932
266.6	62.72	372207
266.8	63.72	372484
267	64.72	372765
267.2	65.72	373052
267.4	66.72	373345
267.6	67.72	373642
267.8	68.72	373943
268	69.72	374246
268.2	70.72	374554
268.4	71.72	374865
268.6	72.72	375181
268.8	73.72	375503
269	74.72	375826
269.2	75.72	376153
269.4	76.72	376485
269.6	77.72	376823
269.8	78.72	377160
270	79.72	377503
270.2	80.72	377848
270.4	81.72	378196
270.6	82.72	378547
270.8	83.72	378901
271	84.72	379260
271.2	85.72	379619
271.4	86.72	379983
271.6	87.72	380350
271.8	88.72	380719
272	89.72	381094
272.2	90.72	381468
272.4	91.72	381846
272.6	92.72	382227
272.8	93.72	382609
273	94.72	382996
273.2	95.72	383383
273.4	96.72	383774
273.6	97.72	384168
273.8	98.72	384564
274	99.72	384959
274.2	100.72	385360
274.4	101.72	385761
274.6	102.72	386166
274.8	103.72	386571
275	104.72	386979
275.2	105.72	387390
275.4	106.72	387802
275.6	107.72	388216
275.8	108.72	388632
276	109.73	389051
276.2	110.73	389468
276.4	111.73	389889
276.6	112.73	390311
276.8	113.73	390736
277	114.73	391164
277.2	115.73	391590
277.4	116.73	392019
277.6	117.73	392450
277.8	118.73	392880
278	119.73	393314
278.2	120.73	393748
278.4	121.73	394185
278.6	122.73	394623
278.8	123.73	395063
279	124.73	395503
279.2	125.73	395947
279.4	126.73	396387
279.6	127.73	396831
279.8	128.73	397277
280	129.73	397723
280.2	130.73	398171
280.4	131.73	398620
280.6	132.73	399071
280.8	133.73	399521
281	134.73	399973
281.2	135.72	400428
281.4	136.72	400882
281.6	137.72	401336
281.8	138.72	401791
282	139.72	402249
282.2	140.72	402706
282.4	141.72	403165
282.6	142.72	403625
282.8	143.72	404090
283	144.72	404550
283.2	145.72	405014
283.4	146.72	405477
283.6	147.72	405939
283.8	148.72	406404
284	149.72	406870
284.2	150.72	407336
284.4	151.72	407804
284.6	152.72	408271
284.8	153.71	408741
285	154.71	409211
285.2	155.71	409682
285.4	156.71	410153
285.6	157.71	410627
285.8	158.71	411099
286	159.71	411574
286.2	160.71	412048
286.4	161.71	412524
286.6	162.71	413001
286.8	163.71	413477
287	164.71	413956
287.2	165.71	414433
287.4	166.71	414911
287.6	167.71	415391
287.8	168.71	415872
288	169.71	416355
288.2	170.71	416835
288.4	171.7	417318
288.6	172.7	417801
288.8	173.7	418285
289	174.7	418768
289.2	175.7	419254
289.4	176.7	419738
289.6	177.7	420224
289.8	178.7	420710
290	179.7	421196
290.2	180.7	421683
290.4	181.7	422172
290.6	182.7	422660
290.8	183.7	423149
291	184.7	423639
291.2	185.7	424130
291.4	186.7	424619
291.6	187.7	425111
291.8	188.7	425603
292	189.7	426096
292.2	190.69	426590
292.4	191.69	427085
292.6	192.69	427578
292.8	193.69	428071
293	194.69	428566
293.2	195.69	429062
293.4	196.69	429560
293.6	197.69	430054
293.8	198.69	430551
294	199.69	431050
294.2	200.69	431547
294.4	201.69	432049
294.6	202.69	432548
294.8	203.69	433046
295	204.69	433547
295.2	205.69	434047
295.4	206.69	434547
295.6	207.69	435048
295.8	208.68	435549
296	209.68	436050
296.2	210.68	436551
296.4	211.68	437054
296.6	212.68	437556
296.8	213.68	438057
297	214.68	438563
297.2	215.68	439066
297.4	216.68	439571
297.6	217.68	440074
297.8	218.68	440581
298	219.68	441087
298.2	220.68	441593
298.4	221.68	442098
298.6	222.68	442605
298.8	223.68	443114
299	224.68	443623
299.2	225.68	444130
299.4	226.67	444639
299.6	227.67	445147
299.8	228.67	445654
300	229.67	446161
300.2	230.67	446669
300.4	231.67	447179
300.6	232.67	447685
300.8	233.67	448197
301	234.67	448707
301.2	235.67	449215
301.4	236.67	449727
301.6	237.67	450237
301.8	238.67	450748
302	239.67	451257
302.2	240.67	451770
302.4	241.67	452283
302.6	242.67	452794
302.8	243.67	453309
303	244.66	453823
303.2	245.66	454335
303.4	246.66	454850
303.6	247.66	455365
303.8	248.66	455879
304	249.66	456392
304.2	250.66	456905
304.4	251.66	457421
304.6	252.66	457936
304.8	253.66	458454
305	254.66	458977
305.2	0.65	459480
305.4	1.65	459903
305.6	2.65	460244
305.8	3.65	460513
306	4.65	460720
306.2	5.65	460869
306.4	6.65	460967
306.6	7.65	461020
306.8	8.65	461035
307	9.65	461035
307.2	10.65	461035
307.4	11.65	461035
307.6	12.65	461035
307.8	13.65	461035
308	14.65	461035
308.2	15.65	461035
308.4	16.65	461035
308.6	17.65	461035
308.8	18.65	461035
309	19.65	461035
309.2	20.65	461035
309.4	21.65	461035
309.6	22.65	461035
309.8	23.65	461035
310	24.65	461035
310.2	25.65	461035
310.4	26.65	461035
310.6	27.65	461035
310.8	28.65	461035
311	29.65	461035
311.2	30.65	461035
311.4	31.65	461035
311.6	32.65	461035
311.8	33.65	461035
312	34.65	461035
312.2	35.65	461035
312.4	36.65	461035
312.6	37.65	461035
312.8	38.65	461035
313	39.65	461036
313.2	40.65	461064
313.4	41.65	461128
313.6	42.65	461221
313.8	43.65	461335
314	44.65	461467
314.2	45.65	461614
314.4	46.65	461772
314.6	47.65	461942
314.8	48.65	462122
315	49.65	462312
315.2	50.65	462510
315.4	51.65	462715
315.6	52.65	462928
315.8	53.65	463148
316	54.65	463375
316.2	55.65	463608
316.4	56.65	463846
316.6	57.65	464090
316.8	58.65	464340
317	59.65	464595
317.2	60.65	464856
317.4	61.65	465121
317.6	62.65	465390
317.8	63.65	465663
318	64.65	465944
318.2	65.65	466230
318.4	66.65	466519
318.6	67.65	466815
318.8	68.65	467115
319	69.65	467419
319.2	70.65	467727
319.4	71.65	468042
319.6	72.65	468358
319.8	73.65	468678
320	74.65	469004
320.2	75.65	469332
320.4	76.65	469665
320.6	77.65	470003
320.8	78.65	470345
321	79.65	470687
321.2	80.65	471034
321.4	81.65	471383
321.6	82.65	471738
321.8	83.65	472094
322	84.65	472452
322.2	85.65	472815
322.4	86.65	473178
322.6	87.65	473547
